12,11.065547704696655
13,10.25764513015747
14,9.523055076599121
15,8.97622561454773
16,8.459512948989868
17,7.90387749671936
18,7.611129283905029
19,7.274013042449951
20,7.0393571853637695
21,7.97402811050415
22,7.29092001914978
23,7.201839923858643
24,7.414643049240112
25,7.278681755065918
26,7.208157539367676
27,6.56779146194458
28,7.341966152191162
29,10.307341814041138
30,9.444703340530396
31,9.593418598175049
32,9.181182384490967
33,8.3928062915802
34,7.905109643936157
35,7.423919916152954
36,7.797166109085083
37,7.359429836273193
38,7.216441631317139
39,7.086125612258911
40,7.01896333694458
41,6.814213991165161
42,6.700826406478882
43,6.875961065292358
44,6.996134996414185
45,6.9024107456207275
46,6.777621507644653
47,6.831871747970581
48,7.216737985610962
49,7.265260696411133
50,6.387681722640991
51,8.773582458496094
52,8.618646383285522
53,8.443455934524536
54,8.34967565536499
55,7.508348703384399
56,7.034080505371094
57,6.8553173542022705
58,8.428277015686035
59,6.665869235992432
60,6.727733373641968
61,6.624502658843994
62,6.7110419273376465
63,6.535876750946045
64,6.454446315765381
65,6.439802885055542
66,6.358880281448364
67,7.653815507888794
68,7.446873903274536
69,6.268185615539551
70,6.277699947357178
71,6.253041505813599
72,6.861876010894775
73,6.704189777374268
74,6.773481607437134
75,6.658108711242676
76,6.760306119918823
77,7.2886152267456055
78,6.694118499755859
79,6.941759824752808
80,7.197233438491821
81,7.194824934005737
82,6.846487045288086
83,7.348644495010376
84,6.8194615840911865
85,6.8695409297943115
86,6.540886163711548
87,6.459517478942871
88,6.637139558792114
89,6.519278526306152
90,6.532334804534912
91,6.706419944763184
92,6.502660274505615
93,6.492205381393433
94,6.6271655559539795
95,6.689865350723267
96,6.464271306991577
97,6.829713582992554
98,6.602606534957886
99,6.597607135772705
100,6.071061611175537
101,6.248260736465454
102,6.26183557510376
103,6.289343357086182
104,6.478795766830444
105,6.520290374755859
106,6.713891506195068
107,6.323723793029785
108,6.317407608032227
109,6.293170690536499
110,6.46730899810791
111,6.72316575050354
112,7.3449013233184814
113,6.548820734024048
114,6.517833709716797
115,7.4434568881988525
116,7.509465217590332
117,7.004002094268799
118,6.48963475227356
119,6.619348049163818
120,6.486814498901367
121,6.541247367858887
122,6.588435411453247
123,6.765770435333252
124,7.111895799636841
125,6.579791069030762
126,6.65811014175415
127,7.181262969970703
128,6.358721494674683
129,7.3074140548706055
130,6.866759300231934
131,6.683998346328735
132,7.189597129821777
133,7.410082101821899
134,6.548062801361084
135,6.314244270324707
136,6.345703601837158
137,6.442193984985352
138,6.23493766784668
139,6.518749237060547
140,6.462826490402222
141,6.539674520492554
142,6.248975038528442
143,6.2962048053741455