12,10.504488945007324
13,10.705642700195312
14,9.047309160232544
15,8.449894428253174
16,8.052441835403442
17,7.616332530975342
18,7.2846221923828125
19,6.9777140617370605
20,7.130247592926025
21,7.478440046310425
22,6.942032337188721
23,7.307154178619385
24,7.643097400665283
25,7.18524432182312
26,7.798961877822876
27,6.997564315795898
28,6.890891075134277
29,6.938877582550049
30,7.1338677406311035
31,9.438188791275024
32,9.600390434265137
33,9.12459683418274
34,9.155928611755371
35,7.542586803436279
36,7.14160680770874
37,7.245012998580933
38,7.684437036514282
39,7.10773229598999
40,6.695447683334351
41,6.806900501251221
42,6.793097496032715
43,6.535341501235962
44,7.126416206359863
45,6.3422746658325195
46,6.189545631408691
47,6.312605142593384
48,6.911425590515137
49,6.998276710510254
50,6.2932288646698
51,6.600401401519775
52,8.896903038024902
53,8.158877849578857
54,8.308672904968262
55,8.264728307723999
56,6.9090869426727295
57,6.831470489501953
58,6.838751554489136
59,6.462839841842651
60,6.448927640914917
61,6.532545804977417
62,7.706172943115234
63,6.249230623245239
64,6.440526962280273
65,6.283806562423706
66,6.411303281784058
67,6.417782306671143
68,7.306766033172607
69,6.688466548919678
70,7.6691179275512695
71,7.635878801345825
72,6.468101263046265
73,8.3236665725708
74,6.849668741226196
75,6.902968168258667
76,6.645291805267334
77,6.483162879943848
78,6.63166069984436
79,6.657440185546875
80,6.4911277294158936
81,6.708739280700684
82,6.952939033508301
83,6.443646430969238
84,6.373782157897949
85,6.345449209213257
86,6.460740804672241
87,6.157949686050415
88,6.0866379737854
89,6.3717827796936035
90,6.371156692504883
91,6.6312549114227295
92,6.768952369689941
93,7.530514240264893
94,7.485529661178589
95,7.432519197463989
96,6.484360456466675
97,6.424165487289429
98,6.6620073318481445
99,6.411044597625732
100,6.519812107086182
101,6.204735040664673
102,6.292906761169434
103,6.974590063095093
104,6.2483320236206055
105,6.467325210571289
106,6.5560643672943115
107,6.352265357971191
108,6.4447901248931885
109,6.671673059463501
110,6.470745086669922
111,6.423097133636475
112,6.715435981750488
113,7.5122504234313965
114,6.721204996109009
115,7.472930431365967
116,7.461907625198364
117,6.663613557815552
118,6.562598943710327
119,7.532399654388428
120,6.486812353134155
121,6.800525426864624
122,7.5732715129852295
123,6.542514324188232
124,6.523285388946533
125,6.587515115737915
126,6.6200079917907715
127,6.7569475173950195
128,6.870939016342163
129,6.419605255126953
130,6.409501075744629
131,6.408703327178955
132,6.436635732650757
133,6.38004994392395
134,6.464738368988037
135,6.331776857376099
136,6.466465473175049
137,6.284859895706177
138,6.3111467361450195
139,6.38164210319519
140,6.602672576904297
141,6.719627141952515
142,6.298072338104248
143,6.567922830581665