12,11.253458738327026
13,10.274070024490356
14,9.337291479110718
15,9.216142177581787
16,8.562708616256714
17,8.125972747802734
18,7.918685674667358
19,7.233859300613403
20,7.011318683624268
21,7.9199957847595215
22,7.635036468505859
23,7.4755895137786865
24,7.472755670547485
25,6.831017971038818
26,7.191219329833984
27,6.974989652633667
28,7.5212202072143555
29,10.38663387298584
30,9.497151136398315
31,9.770716667175293
32,9.208837032318115
33,8.420265674591064
34,7.9933083057403564
35,7.836005926132202
36,7.697136402130127
37,7.52391242980957
38,7.274935245513916
39,7.69639778137207
40,7.063795328140259
41,7.167666673660278
42,7.050559759140015
43,7.128460645675659
44,6.662421226501465
45,6.8516685962677
46,7.34926962852478
47,7.123082399368286
48,9.807708024978638
49,9.775184154510498
50,7.896056413650513
51,7.72796893119812
52,7.34798002243042
53,7.406601428985596
54,6.928884267807007
55,7.363711833953857
56,7.150707960128784
57,7.041360378265381
58,7.120527505874634
59,6.938434600830078
60,6.762183904647827
61,6.838754177093506
62,7.184143304824829
63,6.703853607177734
64,6.499030828475952
65,6.465532541275024
66,6.4858174324035645
67,7.880810260772705
68,6.816525936126709
69,7.493592977523804
70,7.589989900588989
71,6.654980897903442
72,6.831243991851807
73,8.287944316864014
74,6.895169258117676
75,8.420669555664062
76,7.006062030792236
77,6.87166428565979
78,6.994686126708984
79,7.187668085098267
80,6.934093713760376
81,6.790690660476685
82,7.024835109710693
83,7.0489890575408936
84,8.288592338562012
85,6.684384107589722
86,6.565113544464111
87,6.900745153427124
88,6.7757346630096436
89,6.703312635421753
90,6.657447338104248
91,6.663485050201416
92,8.20072627067566
93,6.80979061126709
94,7.24619197845459
95,6.732727527618408
96,6.817776918411255
97,6.671518564224243
98,6.816648006439209
99,6.868406534194946
100,6.923680782318115
101,6.568157196044922
102,6.384221076965332
103,6.653347492218018
104,6.61491322517395
105,6.591933488845825
106,6.7003333568573
107,6.589556932449341
108,6.505756378173828
109,6.287964344024658
110,6.559285640716553
111,6.4883809089660645
112,6.44209885597229
113,6.546285390853882
114,6.78385853767395
115,6.62922477722168
116,7.57874059677124
117,7.47222375869751
118,6.595245599746704
119,6.751907825469971
120,7.1944355964660645
121,6.709704399108887
122,6.79750919342041
123,6.44662618637085
124,7.613208770751953
125,6.618944883346558
126,6.383146047592163
127,6.713464260101318
128,7.047844409942627
129,7.37990403175354
130,6.8993377685546875
131,6.3727686405181885
132,6.491883039474487
133,6.83502459526062
134,6.361488580703735
135,7.31185245513916
136,6.487788915634155
137,6.566625118255615
138,7.328287601470947
139,7.280297040939331
140,6.601034641265869
141,6.428828001022339
142,7.350964784622192
143,6.62909722328186
